1,1,121.5,333.7,134.4,59.69999999999999,1,1,1.0
1,2,733.99,266.12,71.59000000000003,38.69999999999999,1,1,1.0
1,3,208.59,250.58,94.55999999999997,40.849999999999994,1,1,1.0
2,1,98.4,337.64,136.7,60.35000000000002,1,1,1.0
2,2,719.85,267.88,73.34000000000003,39.03000000000003,1,1,1.0
2,3,208.57,250.67,94.56,40.849999999999994,1,1,1.0
3,1,72.8,341.2,142.89999999999998,61.19999999999999,1,1,1.0
3,2,705.7,269.64,75.09999999999991,39.360000000000014,1,1,1.0
3,3,208.55,250.75,94.56,40.85000000000002,1,1,1.0
4,1,47.5,344.76,145.8,62.710000000000036,1,1,1.0
4,2,692.0,271.39,75.63,40.06,1,1,1.0
4,3,208.53,250.83,94.55999999999997,40.849999999999994,1,1,1.0
5,1,21.8,348.32,146.92999999999998,63.78000000000003,1,1,1.0
5,2,677.95,273.15,77.1099999999999,40.75,1,1,1.0
5,3,208.51,250.92,94.56,40.849999999999994,1,1,1.0
6,1,0.0,351.88,147.0,65.82,1,1,1.0
6,2,663.9,274.91,78.60000000000002,41.44,1,1,1.0
6,3,208.49,251.0,94.56,40.85000000000002,1,1,1.0
7,1,0.0,355.44,123.8,66.36000000000001,1,1,1.0
7,2,649.5,276.67,79.58000000000004,42.65999999999997,1,1,1.0
7,3,208.47,251.08,94.55999999999997,40.849999999999994,1,1,1.0
8,1,0.0,359.0,100.2,68.39999999999998,1,1,1.0
8,2,635.1,278.43,80.55999999999995,43.870000000000005,1,1,1.0
8,3,208.45,251.16,94.56,40.849999999999994,1,1,1.0
9,1,0.0,362.3,76.1,57.099999999999966,1,1,1.0
9,2,620.8,280.18,82.10000000000002,44.21999999999997,1,1,1.0
9,3,208.43,251.25,94.55000000000001,40.85000000000002,1,1,1.0
10,1,0.0,368.2,51.8,56.80000000000001,1,1,1.0
10,2,605.46,281.94,83.13999999999999,44.56,1,1,1.0
10,3,208.41,251.33,94.54999999999998,40.849999999999994,1,1,1.0
11,1,0.0,377.12,24.41,52.77999999999997,1,1,1.0
11,2,590.3,283.7,85.10000000000002,46.10000000000002,1,1,0.0
11,3,208.39,251.41,94.55000000000001,40.849999999999994,1,1,1.0
12,2,574.45,285.97,86.79999999999995,43.92999999999995,1,1,0.0
12,3,208.37,251.48,94.55000000000001,40.849999999999994,1,1,1.0
13,2,558.6,288.24,88.5,41.75999999999999,1,1,0.0
13,3,208.35,251.54,94.54999999999998,40.849999999999994,1,1,1.0
14,2,543.77,290.62,88.02999999999997,43.24000000000001,1,1,0.0
14,3,208.32,251.6,94.56,40.849999999999994,1,1,1.0
15,2,526.52,293.0,89.76999999999998,45.80000000000001,1,1,0.0
15,3,208.3,251.66,94.56,40.849999999999994,1,1,1.0
16,2,509.28,295.38,91.49000000000001,47.420000000000016,1,1,0.0
16,3,208.28,251.72,94.55999999999997,40.849999999999994,1,1,1.0
17,2,492.04,297.76,94.66000000000003,48.660000000000025,1,1,0.0
17,3,208.26,251.79,94.56,40.849999999999994,1,1,1.0
18,2,474.4,300.14,96.43000000000006,49.900000000000034,1,1,0.0
18,3,208.24,251.85,94.56,40.849999999999994,1,1,1.0
19,2,457.29,302.52,96.81,51.14000000000004,1,1,0.0
19,3,208.22,251.91,94.55999999999997,40.849999999999994,1,1,1.0
20,2,440.17,304.89,94.43,52.389999999999986,1,1,0.0
20,3,208.2,251.97,94.56,40.849999999999994,1,1,1.0
21,2,423.06,307.27,99.73999999999995,53.629999999999995,1,1,1.0
21,3,208.18,252.04,94.55000000000001,40.849999999999994,1,1,1.0
22,2,404.5,310.45,104.10000000000002,54.75999999999999,1,1,1.0
22,3,208.18,251.97,94.55000000000001,40.849999999999994,1,1,1.0
23,2,385.63,313.63,106.44999999999999,55.889999999999986,1,1,1.0
23,3,208.18,251.91,94.55000000000001,40.849999999999994,1,1,1.0
24,2,366.8,316.81,107.19,57.01999999999998,1,1,1.0
24,3,208.18,251.85,94.55000000000001,40.849999999999994,1,1,1.0
25,2,348.2,319.99,109.10000000000002,58.14999999999998,1,1,1.0
25,3,208.18,251.79,94.55000000000001,40.849999999999994,1,1,1.0
26,2,328.2,323.17,110.77000000000004,59.27999999999997,1,1,1.0
26,3,208.18,251.72,94.55000000000001,40.849999999999994,1,1,1.0
27,2,307.5,326.35,114.0,60.40999999999997,1,1,1.0
27,3,208.18,251.66,94.55000000000001,40.849999999999994,1,1,1.0
28,2,286.5,329.53,116.44999999999999,61.54000000000002,1,1,1.0
28,3,208.18,251.6,94.55000000000001,40.849999999999994,1,1,1.0
29,2,264.99,332.71,120.61000000000001,62.670000000000016,1,1,1.0
29,3,208.18,251.54,94.55000000000001,40.849999999999994,1,1,1.0
30,2,243.48,335.88,122.97,63.81,1,1,1.0
30,3,208.18,251.48,94.55000000000001,40.849999999999994,1,1,1.0
31,2,221.97,339.06,125.33000000000001,64.94,1,1,1.0
31,3,208.18,251.41,94.55000000000001,40.849999999999994,1,1,1.0
32,2,199.77,343.16,128.53,66.56,1,1,1.0
32,3,208.16,251.35,94.54999999999998,40.849999999999994,1,1,1.0
33,2,174.9,347.26,132.99999999999997,68.18,1,1,1.0
33,3,208.14,251.29,94.55000000000001,40.849999999999994,1,1,1.0
34,2,150.9,351.35,136.9,69.81,1,1,1.0
34,3,208.12,251.23,94.55000000000001,40.849999999999994,1,1,1.0
35,2,124.9,355.45,140.70000000000002,71.43,1,1,1.0
35,3,208.1,251.16,94.54999999999998,40.849999999999994,1,1,1.0
36,2,99.2,359.55,145.10000000000002,73.05000000000001,1,1,1.0
36,3,208.08,251.1,94.54999999999998,40.849999999999994,1,1,1.0
37,2,73.91,362.94,149.49,74.68,1,1,1.0
37,3,208.05,251.04,94.56,40.849999999999994,1,1,1.0
38,2,45.8,367.22,153.60000000000002,76.28999999999996,1,1,1.0
38,3,208.03,250.98,94.55999999999997,40.849999999999994,1,1,1.0
39,2,17.2,371.49,158.20000000000002,77.92000000000002,1,1,1.0
39,3,208.01,250.92,94.56,40.849999999999994,1,1,1.0
40,2,0.0,375.58,152.5,79.55000000000001,1,1,1.0
40,3,207.99,250.85,94.56,40.849999999999994,1,1,1.0
41,2,0.0,380.03,125.1,81.17000000000002,1,1,1.0
41,3,207.97,250.79,94.55999999999997,40.849999999999994,1,1,1.0
42,2,0.0,386.78,100.9,81.12,1,1,1.0
42,3,207.97,250.85,94.55999999999997,40.849999999999994,1,1,1.0
43,2,0.0,392.3,75.9,64.09999999999997,1,1,1.0
43,3,207.97,250.92,94.55999999999997,40.849999999999994,1,1,1.0
44,2,0.0,400.28,50.9,62.52000000000004,1,1,1.0
44,3,207.97,250.98,94.55999999999997,40.849999999999994,1,1,1.0
45,2,0.0,413.0,22.41,57.60000000000002,1,1,1.0
45,3,207.97,251.04,94.55999999999997,40.849999999999994,1,1,1.0
46,3,207.97,251.1,94.55999999999997,40.849999999999994,1,1,1.0
47,3,207.97,251.16,94.55999999999997,40.849999999999994,1,1,1.0
48,3,207.97,251.23,94.55999999999997,40.849999999999994,1,1,1.0
49,3,207.97,251.29,94.55999999999997,40.849999999999994,1,1,1.0
50,3,207.97,251.35,94.55999999999997,40.849999999999994,1,1,1.0
51,3,207.97,251.41,94.55999999999997,40.849999999999994,1,1,1.0
52,4,951.02,226.47,8.980000000000018,53.66999999999999,1,1,1.0
52,3,208.04,251.62,94.56000000000003,40.85000000000002,1,1,1.0
53,4,946.67,226.47,13.330000000000041,55.309999999999974,1,1,1.0
53,3,208.11,251.83,94.56,40.849999999999994,1,1,1.0
54,4,942.33,226.47,17.66999999999996,56.95000000000002,1,1,1.0
54,3,208.18,252.04,94.56,40.849999999999994,1,1,1.0
55,4,937.99,226.47,22.00999999999999,58.58000000000001,1,1,1.0
55,3,208.26,252.16,94.56,40.849999999999994,1,1,1.0
56,4,933.64,226.47,26.360000000000014,60.22,1,1,1.0
56,3,208.35,252.28,94.54999999999998,40.849999999999994,1,1,1.0
57,4,929.3,226.47,30.700000000000045,61.849999999999994,1,1,1.0
57,3,208.43,252.41,94.55000000000001,40.849999999999994,1,1,1.0
58,4,924.23,226.47,35.76999999999998,63.48999999999998,1,1,1.0
58,3,208.51,252.53,94.56,40.849999999999994,1,1,1.0
59,4,919.15,226.47,40.85000000000002,65.11999999999998,1,1,1.0
59,3,208.59,252.66,94.55999999999997,40.849999999999994,1,1,1.0
60,4,914.08,226.47,45.91999999999996,66.76000000000002,1,1,1.0
60,3,208.64,252.82,94.55000000000001,40.85000000000002,1,1,1.0
61,4,909.0,226.47,51.0,68.39000000000001,1,1,1.0
61,3,208.68,252.99,94.55000000000001,40.849999999999966,1,1,1.0
62,4,902.8,226.47,57.200000000000045,70.03,1,1,1.0
62,3,208.72,253.15,94.55999999999997,40.849999999999994,1,1,1.0
63,4,896.9,226.47,63.10000000000002,71.77000000000001,1,1,1.0
63,3,208.76,253.32,94.56,40.85000000000002,1,1,1.0
64,4,892.2,226.47,67.79999999999995,73.51000000000002,1,1,1.0
64,3,208.8,253.49,94.56,40.849999999999966,1,1,1.0
65,4,886.5,226.47,73.5,75.25000000000003,1,1,1.0
65,3,208.8,253.9,94.56,40.849999999999994,1,1,1.0
66,4,880.29,226.47,79.71000000000004,76.98999999999998,1,1,1.0
66,3,208.8,254.32,94.56,40.85000000000002,1,1,1.0
67,4,873.1,226.47,86.89999999999998,78.72999999999999,1,1,1.0
67,3,208.76,254.36,94.56,40.849999999999966,1,1,1.0
68,4,867.25,226.47,92.75,80.47,1,1,1.0
68,3,208.72,254.4,94.54999999999998,40.849999999999994,1,1,1.0
69,4,861.4,226.47,98.60000000000002,82.21000000000001,1,1,1.0
69,3,208.68,254.44,94.55000000000001,40.85000000000002,1,1,1.0
70,4,855.3,226.47,104.70000000000005,83.95000000000002,1,1,1.0
70,3,208.64,254.48,94.55000000000001,40.849999999999994,1,1,1.0
71,4,847.9,226.47,112.10000000000002,85.69000000000003,1,1,1.0
71,3,208.59,254.52,94.55999999999997,40.849999999999994,1,1,1.0
72,4,840.1,226.47,119.89999999999998,87.42999999999998,1,1,1.0
72,3,208.55,254.56,94.56,40.85000000000002,1,1,1.0
73,4,834.0,227.58,126.0,88.30999999999997,1,1,1.0
73,3,208.51,254.61,94.56,40.849999999999966,1,1,1.0
74,4,827.1,228.7,132.89999999999998,89.18,1,1,1.0
74,3,208.47,254.65,94.55999999999997,40.849999999999994,1,1,1.0
75,4,818.5,229.81,141.5,90.06,1,1,1.0
75,3,208.43,254.69,94.55000000000001,40.85000000000002,1,1,1.0
76,4,810.3,230.92,149.70000000000005,90.94000000000003,1,1,1.0
76,3,208.39,254.73,94.55000000000001,40.849999999999994,1,1,1.0
77,4,803.9,232.03,156.10000000000002,91.82000000000002,1,1,1.0
77,3,208.39,254.8,94.55000000000001,40.849999999999966,1,1,1.0
78,4,794.3,233.15,164.80000000000007,92.68999999999997,1,1,1.0
78,5,781.15,260.99,18.600000000000023,25.5,1,1,0.0
78,3,208.39,254.87,94.55000000000001,40.85000000000002,1,1,1.0
79,4,786.1,234.26,167.5,93.57,1,1,1.0
79,5,770.6,261.21,20.809999999999945,26.79000000000002,1,1,0.0
79,3,208.39,254.94,94.55000000000001,40.85000000000002,1,1,1.0
80,4,777.7,235.37,170.29999999999995,94.44999999999999,1,1,1.0
80,5,760.27,261.43,22.210000000000036,27.329999999999984,1,1,0.0
80,3,208.39,254.94,94.55000000000001,40.85000000000002,1,1,1.0
81,4,769.5,236.49,172.70000000000005,95.32,1,1,1.0
81,5,749.95,261.65,23.589999999999918,27.860000000000014,1,1,0.0
81,3,208.39,254.94,94.55000000000001,40.85000000000002,1,1,1.0
82,4,761.6,237.6,174.39999999999998,96.20000000000002,1,1,1.0
82,5,739.62,261.87,24.99000000000001,28.399999999999977,1,1,0.0
82,6,930.99,238.78,14.870000000000005,31.440000000000026,1,1,0.0
82,3,208.39,254.94,94.55000000000001,40.85000000000002,1,1,1.0
83,4,752.33,238.61,178.31999999999994,97.41999999999996,1,1,1.0
83,5,729.3,262.09,26.370000000000005,28.930000000000007,1,1,0.0
83,6,920.83,239.38,18.43999999999994,31.649999999999977,1,1,0.0
83,3,208.39,254.94,94.55000000000001,40.85000000000002,1,1,1.0
84,4,743.07,239.62,182.2299999999999,98.63999999999999,1,1,1.0
84,5,718.47,262.31,28.129999999999995,29.46999999999997,1,1,0.0
84,6,910.67,239.98,22.020000000000095,31.859999999999985,1,1,0.0
84,3,208.39,254.94,94.55000000000001,40.85000000000002,1,1,1.0
85,4,734.2,240.63,184.51999999999998,99.86000000000001,1,1,1.0
85,5,707.65,262.53,29.870000000000005,30.0,1,1,0.0
85,6,900.51,240.59,25.600000000000023,32.04999999999998,1,1,0.0
85,3,208.39,254.94,94.55000000000001,40.85000000000002,1,1,1.0
86,4,723.96,241.64,189.0,101.08000000000004,1,1,1.0
86,5,696.82,262.75,31.629999999999995,30.54000000000002,1,1,0.0
86,6,890.35,241.19,29.17999999999995,32.25999999999999,1,1,0.0
86,3,208.39,254.94,94.55000000000001,40.85000000000002,1,1,1.0
87,4,713.73,242.65,193.47000000000003,102.29999999999998,1,1,1.0
87,5,685.99,262.97,33.379999999999995,31.069999999999993,1,1,0.0
87,6,880.19,241.79,32.75,32.46000000000001,1,1,0.0
87,3,208.39,254.94,94.55000000000001,40.85000000000002,1,1,1.0
88,4,704.31,243.66,196.3900000000001,103.52000000000001,1,1,1.0
88,5,675.17,263.19,35.129999999999995,31.610000000000014,1,1,0.0
88,6,870.04,242.39,36.32000000000005,32.670000000000016,1,1,0.0
88,3,208.39,254.94,94.55000000000001,40.85000000000002,1,1,1.0
89,4,694.9,244.67,199.30000000000007,104.74000000000004,1,1,1.0
89,5,663.7,264.2,39.41999999999996,32.0,1,1,0.0
89,6,859.88,242.99,39.89999999999998,32.870000000000005,1,1,0.0
89,3,208.39,254.94,94.55000000000001,40.85000000000002,1,1,1.0
90,4,684.45,245.68,202.89999999999998,105.95999999999998,1,1,1.0
90,5,652.1,264.67,38.60000000000002,33.02999999999997,1,1,0.0
90,6,849.72,243.6,43.47000000000003,33.07000000000002,1,1,0.0
90,3,208.39,254.94,94.55000000000001,40.85000000000002,1,1,1.0
91,4,674.0,246.69,206.5,107.18,1,1,1.0
91,5,639.69,265.15,40.40999999999997,33.120000000000005,1,1,0.0
91,6,839.56,244.2,47.05000000000007,33.27000000000004,1,1,0.0
91,3,208.39,254.94,94.55000000000001,40.85000000000002,1,1,1.0
92,4,664.35,247.7,208.44999999999993,108.40000000000003,1,1,1.0
92,5,627.28,265.62,42.01999999999998,33.23000000000002,1,1,0.0
92,6,829.4,244.8,50.629999999999995,33.47999999999996,1,1,0.0
92,3,208.39,254.94,94.55000000000001,40.85000000000002,1,1,1.0
93,4,653.04,248.79,212.46000000000004,110.35999999999999,1,1,1.0
93,5,614.86,266.09,41.24000000000001,33.33000000000004,1,1,0.0
93,6,819.5,245.45,52.460000000000036,33.650000000000034,1,1,0.0
93,3,208.39,254.94,94.55000000000001,40.85000000000002,1,1,1.0
94,4,641.73,249.88,216.47000000000003,112.32,1,1,1.0
94,5,602.45,266.56,56.34999999999991,33.44,1,1,0.0
94,6,809.59,246.1,54.309999999999945,31.099999999999994,1,1,0.0
94,3,208.39,254.94,94.55000000000001,40.85000000000002,1,1,1.0
95,4,630.42,250.97,220.48000000000002,114.28,1,1,1.0
95,5,591.34,267.44,63.68999999999994,33.53000000000003,1,1,0.0
95,6,799.69,246.74,56.139999999999986,28.560000000000002,1,1,0.0
95,3,208.39,254.94,94.55000000000001,40.85000000000002,1,1,1.0
96,4,619.11,252.06,224.49,116.24000000000001,1,1,1.0
96,5,577.69,267.88,81.40999999999997,33.639999999999986,1,1,0.0
96,6,789.78,247.39,57.99000000000001,27.960000000000036,1,1,0.0
96,3,208.39,254.94,94.55000000000001,40.85000000000002,1,1,0.0
97,4,607.8,253.15,228.5,118.20000000000002,1,1,1.0
97,5,565.1,268.62,83.54999999999995,33.74000000000001,1,1,0.0
97,6,779.88,248.04,59.82000000000005,27.359999999999985,1,1,0.0
97,3,208.39,254.91,94.56,40.849999999999994,1,1,0.0
98,4,596.1,254.24,232.89999999999998,120.15999999999997,1,1,1.0
98,5,552.5,269.36,85.70000000000005,33.839999999999975,1,1,0.0
98,6,769.98,248.69,60.460000000000036,23.28000000000003,1,1,0.0
98,3,208.4,254.88,94.54999999999998,40.85000000000002,1,1,0.0
99,4,584.0,255.33,237.29999999999995,122.11999999999998,1,1,1.0
99,5,544.0,269.8,82.38999999999999,34.26999999999998,1,1,0.0
99,6,760.07,249.34,61.1099999999999,19.18999999999997,1,1,0.0
99,3,208.4,254.85,94.55999999999997,40.849999999999994,1,1,0.0
100,4,570.39,256.42,242.71000000000004,124.07999999999998,1,1,1.0
100,5,525.42,270.65,91.38,34.69,1,1,0.0
100,6,750.17,249.98,61.75999999999999,15.120000000000033,1,1,0.0
100,3,208.41,254.82,94.56000000000003,40.85000000000002,1,1,0.0
101,4,558.65,257.51,245.75,126.04000000000002,1,1,1.0
101,5,511.27,271.05,93.13999999999999,35.110000000000014,1,1,0.0
101,6,740.26,250.63,63.14999999999998,15.870000000000005,1,1,0.0
101,3,208.42,254.79,94.55000000000004,40.849999999999994,1,1,0.0
102,4,546.9,258.6,249.10000000000002,128.0,1,1,1.0
102,5,497.97,271.45,96.32999999999993,35.53000000000003,1,1,0.0
102,6,730.36,251.28,64.53999999999996,16.32000000000002,1,1,0.0
102,3,208.42,254.76,94.56000000000003,40.85000000000002,1,1,0.0
103,4,532.14,260.17,255.36,130.51999999999998,1,1,1.0
103,5,484.53,272.04,97.85000000000002,35.95999999999998,1,1,0.0
103,6,718.17,251.91,67.0,15.590000000000003,1,1,0.0
103,3,208.43,254.73,94.55000000000001,40.849999999999994,1,1,0.0
104,4,517.38,261.74,261.32000000000005,133.02999999999997,1,1,1.0
104,5,471.08,272.64,99.39000000000004,36.379999999999995,1,1,0.0
104,7,951.37,229.19,8.629999999999995,33.45999999999998,1,1,1.0
104,6,705.99,252.53,69.43999999999994,16.82000000000002,1,1,0.0
104,3,208.43,254.7,94.56,40.85000000000002,1,1,0.0
105,4,502.62,263.31,267.04999999999995,135.55,1,1,1.0
105,5,457.27,273.34,100.89999999999998,36.80000000000001,1,1,0.0
105,7,947.2,221.5,12.799999999999955,42.01999999999998,1,1,1.0
105,6,693.8,253.16,71.90000000000009,18.039999999999992,1,1,0.0
105,3,208.44,254.67,94.56,40.849999999999994,1,1,0.0
106,4,487.86,264.88,272.77,138.06,1,1,1.0
106,5,442.65,273.5,92.25,37.23000000000002,1,1,0.0
106,7,943.04,213.8,16.960000000000036,50.579999999999984,1,1,1.0
106,6,678.9,253.63,75.68000000000006,24.420000000000016,1,1,0.0
106,3,208.45,254.64,94.55000000000001,40.85000000000002,1,1,0.0
107,4,473.1,266.45,278.5,140.57999999999998,1,1,1.0
107,5,429.44,273.77,98.85999999999996,37.64000000000004,1,1,0.0
107,7,938.87,213.9,21.129999999999995,52.400000000000006,1,1,1.0
107,6,665.2,254.22,79.29999999999995,22.159999999999997,1,1,0.0
107,3,208.45,254.61,94.56,40.849999999999966,1,1,0.0
108,4,457.07,268.02,284.88000000000005,143.09000000000003,1,1,1.0
108,5,415.22,274.33,105.48000000000002,38.06999999999999,1,1,0.0
108,7,934.7,214.0,25.299999999999955,53.19999999999999,1,1,1.0
108,6,648.75,254.8,82.37,19.899999999999977,1,1,0.0
108,3,208.46,254.58,94.54999999999998,40.849999999999994,1,1,0.0
109,4,441.05,269.59,291.24999999999994,145.61,1,1,1.0
109,5,400.39,275.73,105.91000000000003,38.21999999999997,1,1,0.0
109,7,930.54,214.06,29.460000000000036,54.04000000000002,1,1,1.0
109,6,635.15,255.39,85.34000000000003,20.610000000000014,1,1,0.0
109,3,208.46,254.55,94.55999999999997,40.849999999999966,1,1,0.0
110,4,425.92,271.16,295.78000000000003,148.11999999999995,1,1,1.0
110,5,386.58,275.87,106.53000000000003,38.370000000000005,1,1,0.0
110,7,926.37,214.12,33.629999999999995,54.879999999999995,1,1,1.0
110,6,621.55,255.98,88.31000000000006,22.32000000000002,1,1,0.0
110,3,208.47,254.52,94.55999999999997,40.849999999999994,1,1,0.0
111,4,410.8,272.73,300.3,150.64,1,1,1.0
111,5,372.85,276.59,107.15999999999997,38.54000000000002,1,1,0.0
111,7,922.2,214.18,37.799999999999955,55.71999999999997,1,1,1.0
111,6,607.95,256.64,91.27999999999997,24.00999999999999,1,1,0.0
111,3,208.48,254.49,94.54999999999998,40.849999999999966,1,1,0.0
112,4,395.68,274.3,304.92,153.14999999999998,1,1,1.0
112,5,358.26,277.65,107.79000000000002,38.69,1,1,0.0
112,7,918.03,214.24,41.97000000000003,56.56,1,1,1.0
112,6,594.34,257.3,94.25999999999999,25.69999999999999,1,1,0.0
112,3,208.48,254.46,94.56000000000003,40.849999999999994,1,1,0.0
113,4,377.36,276.1,313.01,156.57999999999998,1,1,1.0
113,5,343.41,278.59,108.40999999999997,38.84000000000003,1,1,0.0
113,7,913.87,214.3,46.129999999999995,57.39999999999998,1,1,1.0
113,6,579.78,257.99,96.47000000000003,24.50999999999999,1,1,0.0
113,3,208.49,254.43,94.55000000000001,40.849999999999966,1,1,0.0
114,4,359.04,277.9,321.09999999999997,160.0,1,1,1.0
114,5,329.21,279.32,109.05000000000001,39.0,1,1,0.0
114,7,909.7,214.6,50.299999999999955,56.70000000000002,1,1,1.0
114,6,565.21,258.68,98.68999999999994,28.319999999999993,1,1,0.0
114,3,208.49,254.4,94.56,40.849999999999994,1,1,0.0
115,4,340.17,279.7,329.2,163.43,1,1,1.0
115,5,313.89,280.21,109.68,39.160000000000025,1,1,0.0
115,7,904.1,214.99,55.89999999999998,57.099999999999966,1,1,1.0
115,6,550.64,259.37,100.90999999999997,28.329999999999984,1,1,0.0
115,3,208.5,254.38,94.56,40.84000000000003,1,1,0.0
116,4,320.69,281.5,337.29,166.85000000000002,1,1,1.0
116,5,298.97,280.74,110.30999999999995,39.31,1,1,1.0
116,7,898.77,215.38,61.23000000000002,57.5,1,1,1.0
116,6,536.07,260.06,103.13,36.089999999999975,1,1,0.0
116,3,208.51,254.35,94.55000000000001,40.849999999999994,1,1,0.0
117,4,301.13,283.58,345.38,170.27000000000004,1,1,1.0
117,5,283.36,282.01,111.44,39.460000000000036,1,1,1.0
117,7,893.43,215.77,66.57000000000005,57.900000000000006,1,1,1.0
117,6,521.5,260.74,104.29999999999995,36.620000000000005,1,1,0.0
117,3,208.51,254.32,94.56,40.85000000000002,1,1,0.0
118,4,281.56,285.65,353.46999999999997,173.70000000000005,1,1,1.0
118,5,268.14,283.28,111.56,39.620000000000005,1,1,1.0
118,7,888.1,216.16,71.89999999999998,58.29999999999998,1,1,1.0
118,6,507.23,261.43,105.29999999999995,37.139999999999986,1,1,0.0
118,3,208.52,254.29,94.54999999999998,40.849999999999994,1,1,0.0
119,4,258.7,287.54,363.7,177.13,1,1,1.0
119,5,252.3,284.24,115.09999999999997,40.099999999999966,1,1,1.0
119,7,882.77,216.55,75.52999999999997,58.69999999999999,1,1,1.0
119,6,492.95,262.12,106.30000000000001,37.65999999999997,1,1,0.0
119,3,208.52,254.26,94.55999999999997,40.85000000000002,1,1,0.0
120,4,237.46,289.44,373.77,180.54000000000002,1,1,1.0
120,5,236.02,285.62,116.37999999999997,40.579999999999984,1,1,1.0
120,7,878.1,216.94,76.39999999999998,59.10000000000002,1,1,1.0
120,6,478.68,262.81,107.29000000000002,38.170000000000016,1,1,0.0
120,3,208.53,254.23,94.54999999999998,40.849999999999994,1,1,0.0
121,4,216.09,292.47,382.38,183.96999999999997,1,1,1.0
121,5,218.93,286.48,117.65999999999997,41.06,1,1,1.0
121,7,872.6,217.33,77.35000000000002,59.49999999999997,1,1,1.0
121,6,464.4,263.5,108.30000000000007,38.69,1,1,0.0
121,3,208.53,254.2,94.55999999999997,40.85000000000002,1,1,0.0
122,4,194.71,295.5,390.99,187.39,1,1,1.0
122,5,203.11,287.89,118.94,41.53000000000003,1,1,1.0
122,7,867.1,217.72,78.29999999999995,59.900000000000006,1,1,1.0
122,6,450.7,264.5,109.00000000000006,38.89999999999998,1,1,0.0
122,3,208.54,254.17,94.56000000000003,40.849999999999994,1,1,0.0
123,4,168.65,297.78,403.80000000000007,192.71000000000004,1,1,1.0
123,5,185.25,287.96,120.20999999999998,42.01000000000005,1,1,1.0
123,7,861.61,218.11,79.24000000000001,60.30000000000001,1,1,1.0
123,6,435.2,264.95,100.50000000000006,39.900000000000034,1,1,0.0
123,3,208.55,254.14,94.55000000000001,40.85000000000002,1,1,0.0
124,4,142.59,300.05,416.6,198.05,1,1,1.0
124,5,168.44,288.64,121.48000000000002,42.49000000000001,1,1,1.0
124,7,856.11,218.5,80.18999999999994,60.69999999999999,1,1,1.0
124,6,419.7,265.4,112.66000000000003,40.900000000000034,1,1,0.0
124,3,208.55,254.11,94.56,40.849999999999966,1,1,0.0
125,4,116.52,302.33,429.4200000000001,203.37,1,1,1.0
125,5,151.36,289.81,122.75999999999999,42.96999999999997,1,1,1.0
125,7,849.77,218.87,81.89999999999998,61.00999999999999,1,1,1.0
125,6,405.81,266.81,114.89000000000004,41.910000000000025,1,1,0.0
125,3,208.56,254.08,94.55000000000001,40.849999999999994,1,1,0.0
126,4,90.46,304.61,442.21999999999997,208.68999999999994,1,1,1.0
126,5,132.88,291.1,124.03000000000003,43.44999999999999,1,1,1.0
126,7,843.44,219.24,83.58999999999992,61.31999999999999,1,1,1.0
126,6,390.85,267.58,114.04999999999995,42.920000000000016,1,1,0.0
126,3,208.56,254.05,94.56,40.849999999999966,1,1,0.0
127,4,62.56,307.49,455.04,214.01999999999998,1,1,1.0
127,5,115.99,293.1,125.32000000000001,43.92999999999995,1,1,1.0
127,7,837.1,219.61,85.29999999999995,61.639999999999986,1,1,1.0
127,6,375.89,268.35,117.00999999999999,42.44999999999999,1,1,0.0
127,3,208.57,254.02,94.56,40.849999999999994,1,1,0.0
128,4,34.37,308.72,467.85,219.33999999999992,1,1,1.0
128,5,98.11,294.7,126.58999999999999,44.400000000000034,1,1,1.0
128,7,830.77,219.98,87.52999999999997,61.95000000000002,1,1,1.0
128,6,360.93,269.12,119.57,43.170000000000016,1,1,0.0
128,3,208.58,253.99,94.54999999999998,40.849999999999966,1,1,0.0
129,4,4.8,312.63,480.65999999999997,224.66999999999996,1,1,1.0
129,5,79.2,296.25,128.60000000000002,44.19999999999999,1,1,1.0
129,7,824.43,220.35,88.12,62.26000000000002,1,1,1.0
129,6,345.96,269.9,118.94,43.870000000000005,1,1,0.0
129,3,208.58,253.96,94.55999999999997,40.849999999999994,1,1,0.0
130,4,0.0,315.08,471.14,224.92000000000002,1,1,1.0
130,5,61.2,296.91,127.39999999999999,45.69,1,1,1.0
130,7,818.1,220.72,88.69999999999993,62.57000000000002,1,1,1.0
130,6,331.0,270.82,119.39999999999998,44.579999999999984,1,1,1.0
130,3,208.59,253.93,94.54999999999998,40.849999999999966,1,1,0.0
131,4,0.0,317.53,456.82,222.47000000000003,1,1,1.0
131,5,40.3,298.1,133.89999999999998,47.5,1,1,1.0
131,7,811.76,221.09,89.28999999999996,62.880000000000024,1,1,1.0
131,6,315.28,271.61,119.25,45.289999999999964,1,1,1.0
131,3,208.59,253.9,94.55999999999997,40.849999999999994,1,1,0.0
132,4,0.0,319.98,442.5,220.01999999999998,1,1,1.0
132,5,23.24,299.5,132.06,48.139999999999986,1,1,1.0
132,7,805.43,221.46,89.87,63.18999999999997,1,1,1.0
132,6,300.23,272.4,123.07,46.0,1,1,1.0
132,3,208.59,253.9,94.55999999999997,40.849999999999994,1,1,0.0
133,4,0.0,323.49,424.7,216.51,1,1,1.0
133,5,3.47,301.75,133.43,47.85000000000002,1,1,1.0
133,7,799.09,221.83,90.45999999999992,63.49999999999997,1,1,1.0
133,6,283.97,273.35,124.02999999999997,46.879999999999995,1,1,1.0
133,3,208.59,253.9,94.55999999999997,40.849999999999994,1,1,0.0
134,4,0.0,327.01,407.0,212.99,1,1,1.0
134,8,687.22,530.01,83.82999999999993,9.990000000000009,1,1,1.0
134,5,0.0,303.64,118.76,48.960000000000036,1,1,1.0
134,7,792.76,222.2,91.03999999999996,63.81,1,1,1.0
134,6,267.72,274.3,124.97999999999996,47.75999999999999,1,1,1.0
134,3,208.59,253.9,94.55999999999997,40.849999999999994,1,1,0.0
135,4,0.0,330.52,388.7,209.48000000000002,1,1,1.0
135,8,691.1,522.0,100.19999999999993,18.0,1,1,1.0
135,5,0.12,305.3,100.97999999999999,47.31999999999999,1,1,1.0
135,7,784.6,222.66,92.78999999999996,64.07000000000002,1,1,1.0
135,6,251.46,275.25,125.93999999999997,48.639999999999986,1,1,1.0
135,3,208.59,253.9,94.55999999999997,40.849999999999994,1,1,0.0
136,4,0.0,334.04,370.65,205.95999999999998,1,1,1.0
136,8,697.95,516.66,110.76999999999998,23.340000000000032,1,1,1.0
136,5,0.08,307.27,82.72,45.68000000000001,1,1,1.0
136,7,777.18,223.12,95.0200000000001,64.32,1,1,1.0
136,6,235.21,276.2,126.89000000000001,49.52000000000004,1,1,1.0
136,3,208.59,253.9,94.55999999999997,40.849999999999994,1,1,0.0
137,4,0.0,337.55,352.6,202.45,1,1,1.0
137,8,706.46,509.8,126.03999999999996,30.19999999999999,1,1,1.0
137,5,0.04,309.24,64.46,44.02999999999997,1,1,1.0
137,7,770.6,223.58,95.03999999999996,64.56999999999996,1,1,1.0
137,6,218.95,277.15,127.85000000000002,50.400000000000034,1,1,1.0
137,3,208.59,253.9,94.55999999999997,40.849999999999994,1,1,0.0
138,4,0.0,341.07,332.1,198.93,1,1,1.0
138,8,713.5,503.6,129.79999999999995,36.39999999999998,1,1,1.0
138,5,0.0,311.21,46.2,42.39000000000004,1,1,1.0
138,7,763.06,224.04,96.7600000000001,64.82000000000002,1,1,1.0
138,6,202.7,278.1,128.8,51.27999999999997,1,1,1.0
138,3,208.59,253.9,94.55999999999997,40.849999999999994,1,1,0.0
139,4,0.0,344.58,311.7,195.42000000000002,1,1,1.0
139,8,719.0,496.3,133.79999999999995,43.69999999999999,1,1,1.0
139,5,0.0,316.76,27.02,34.69,1,1,1.0
139,7,755.51,224.5,98.49000000000001,65.07999999999998,1,1,1.0
139,6,184.59,279.05,131.60999999999999,52.15999999999997,1,1,1.0
139,3,208.59,253.9,94.55999999999997,40.849999999999994,1,1,0.0
140,4,0.0,348.1,291.75,191.89999999999998,1,1,1.0
140,8,724.2,491.38,138.5999999999999,48.620000000000005,1,1,1.0
140,5,0.0,322.32,7.85,26.980000000000018,1,1,1.0
140,7,749.8,224.96,97.34000000000003,65.33000000000001,1,1,1.0
140,6,168.07,280.0,132.82999999999998,53.04000000000002,1,1,1.0
140,3,208.59,253.9,94.55999999999997,40.849999999999994,1,1,0.0
141,4,0.0,351.62,271.8,188.38,1,1,1.0
141,8,732.9,485.5,139.0,54.5,1,1,1.0
141,7,741.8,225.42,98.48000000000002,65.58000000000001,1,1,1.0
141,6,151.55,280.95,134.05,53.920000000000016,1,1,1.0
141,3,208.59,253.9,94.55999999999997,40.849999999999994,1,1,0.0
142,4,0.0,355.13,248.15,184.87,1,1,1.0
142,8,744.5,480.9,133.89999999999998,59.10000000000002,1,1,1.0
142,7,733.8,225.88,99.62,65.82999999999998,1,1,1.0
142,6,135.03,281.91,135.27,54.789999999999964,1,1,1.0
142,3,208.59,253.9,94.55999999999997,40.849999999999994,1,1,0.0
143,4,0.0,359.33,225.9,180.67000000000002,1,1,1.0
143,8,755.29,476.3,131.51,63.69999999999999,1,1,1.0
143,7,725.8,226.34,100.75999999999999,66.09,1,1,1.0
143,6,117.3,283.13,136.64999999999998,55.56,1,1,1.0
143,3,208.59,253.9,94.55999999999997,40.849999999999994,1,1,0.0
144,4,0.0,363.53,203.65,176.47000000000003,1,1,1.0
144,8,766.08,471.7,128.2199999999999,68.30000000000001,1,1,1.0
144,7,717.8,226.8,101.90000000000009,66.33999999999997,1,1,1.0
144,6,99.57,284.35,138.03,56.31999999999999,1,1,1.0
144,3,208.59,253.9,94.55999999999997,40.849999999999994,1,1,0.0
145,4,0.0,367.73,181.4,172.26999999999998,1,1,1.0
145,8,776.1,467.19,124.76999999999998,72.81,1,1,1.0
145,7,708.97,227.11,104.42999999999995,66.72999999999996,1,1,1.0
145,6,81.83,285.58,139.42000000000002,57.08000000000004,1,1,1.0
145,3,208.59,253.9,94.55999999999997,40.849999999999994,1,1,0.0
146,4,0.0,371.93,157.9,168.07,1,1,1.0
146,8,785.73,460.5,123.97000000000003,79.5,1,1,1.0
146,7,700.5,227.42,105.70000000000005,67.10999999999999,1,1,1.0
146,6,64.1,286.8,140.8,57.839999999999975,1,1,1.0
146,3,208.59,253.9,94.55999999999997,40.849999999999994,1,1,0.0
147,4,0.0,376.13,130.5,163.87,1,1,1.0
147,8,794.25,456.27,121.74000000000001,83.73000000000002,1,1,1.0
147,7,692.04,227.73,106.96000000000004,67.50000000000003,1,1,1.0
147,6,45.9,288.03,142.25,58.60000000000002,1,1,1.0
147,3,208.59,253.9,94.55999999999997,40.849999999999994,1,1,1.0
148,4,0.0,381.5,103.14,158.5,1,1,1.0
148,8,804.8,452.04,119.5,87.95999999999998,1,1,1.0
148,7,683.57,228.04,108.2299999999999,67.89000000000001,1,1,1.0
148,6,27.7,289.25,143.70000000000002,59.360000000000014,1,1,1.0
148,3,208.59,254.21,94.55999999999997,40.849999999999994,1,1,1.0
149,4,0.0,387.36,76.28,152.64,1,1,1.0
149,8,814.5,447.3,115.75,87.07,1,1,1.0
149,7,675.1,228.35,109.5,68.27000000000001,1,1,1.0
149,6,7.6,290.48,146.41,60.120000000000005,1,1,1.0
149,3,208.59,254.52,94.55999999999997,40.849999999999994,1,1,1.0
150,4,0.0,394.68,47.47,145.32,1,1,1.0
150,8,822.38,443.17,114.82000000000005,85.56,1,1,1.0
150,7,666.6,228.45,110.55999999999995,68.66000000000003,1,1,1.0
150,6,0.0,291.7,137.4,60.110000000000014,1,1,1.0
150,3,208.59,254.83,94.55999999999997,40.849999999999994,1,1,1.0
151,4,0.0,409.33,17.69,130.67000000000002,1,1,1.0
151,8,829.8,439.04,112.60000000000002,84.06,1,1,1.0
151,7,657.33,228.81,110.96999999999991,69.05000000000001,1,1,1.0
151,6,0.0,292.5,119.73,61.19999999999999,1,1,1.0
151,3,208.59,255.15,94.55999999999997,40.849999999999994,1,1,1.0
152,8,837.83,434.9,111.16999999999996,82.57000000000005,1,1,1.0
152,7,648.06,229.18,112.24000000000001,69.5,1,1,1.0
152,6,0.0,293.28,103.0,62.72000000000003,1,1,1.0
152,3,208.66,255.42,94.56000000000003,40.849999999999994,1,1,1.0
153,8,845.87,430.77,108.63,81.06,1,1,1.0
153,7,638.78,229.54,113.51999999999998,69.95000000000002,1,1,1.0
153,6,0.0,295.39,84.55,60.19999999999999,1,1,1.0
153,3,208.73,255.7,94.56000000000003,40.85000000000002,1,1,1.0
154,8,853.9,426.64,106.10000000000002,79.56,1,1,1.0
154,7,629.51,229.9,114.78999999999996,70.4,1,1,1.0
154,6,0.0,297.49,66.1,57.69,1,1,1.0
154,3,208.8,255.97,94.56,40.849999999999994,1,1,1.0
155,8,861.4,423.26,98.60000000000002,77.94,1,1,1.0
155,7,619.33,230.33,116.66999999999996,70.75999999999996,1,1,1.0
155,6,0.0,299.6,47.66,55.16999999999996,1,1,1.0
155,3,208.8,256.18,94.56,40.849999999999966,1,1,1.0
156,8,868.9,419.88,91.10000000000002,76.32,1,1,1.0
156,7,609.16,230.76,118.54000000000008,71.11000000000001,1,1,1.0
156,6,0.0,302.0,29.21,55.0,1,1,1.0
156,3,208.8,256.39,94.56,40.85000000000002,1,1,1.0
157,8,875.5,416.5,84.5,74.69999999999999,1,1,1.0
157,7,598.98,231.19,119.81999999999994,71.47000000000003,1,1,1.0
157,6,0.0,305.73,10.76,46.26999999999998,1,1,1.0
157,3,208.8,256.6,94.56,40.849999999999966,1,1,1.0
158,8,882.3,413.12,77.70000000000005,73.07999999999998,1,1,1.0
158,7,589.8,231.62,119.61000000000001,71.82999999999998,1,1,1.0
158,3,208.8,256.8,94.56,40.849999999999966,1,1,1.0
159,8,888.57,409.74,71.42999999999995,71.45999999999998,1,1,1.0
159,7,579.46,232.05,120.71999999999991,72.18,1,1,1.0
159,3,208.8,257.01,94.56,40.85000000000002,1,1,1.0
160,8,894.83,406.36,65.16999999999996,69.83999999999997,1,1,1.0
160,7,569.11,232.48,121.83000000000004,72.53999999999999,1,1,1.0
160,3,208.8,257.22,94.56,40.849999999999966,1,1,1.0
161,8,901.1,402.98,58.89999999999998,68.21999999999997,1,1,1.0
161,7,558.77,232.91,122.93000000000006,72.9,1,1,1.0
161,3,208.8,257.32,94.56,40.85000000000002,1,1,1.0
162,8,907.4,399.6,52.60000000000002,66.59999999999997,1,1,1.0
162,7,552.39,233.34,119.77999999999997,73.24999999999997,1,1,1.0
162,3,208.8,257.43,94.56,40.849999999999966,1,1,1.0
163,8,912.62,396.23,47.379999999999995,64.96999999999997,1,1,1.0
163,7,546.0,233.77,116.63,73.60999999999999,1,1,0.0
163,3,208.8,257.53,94.56,40.85000000000002,1,1,1.0
164,8,917.84,392.85,42.15999999999997,63.349999999999966,1,1,1.0
164,7,527.75,234.2,125.35000000000002,73.97000000000003,1,1,0.0
164,3,208.8,257.63,94.56,40.85000000000002,1,1,1.0
165,8,923.39,390.53,36.610000000000014,62.05000000000001,1,1,1.0
165,7,516.27,234.74,126.85000000000002,74.18,1,1,0.0
165,3,208.8,257.74,94.56,40.849999999999966,1,1,1.0
166,8,928.94,388.21,31.059999999999945,60.74000000000001,1,1,1.0
166,7,504.8,235.27,128.33999999999997,74.4,1,1,0.0
166,3,208.8,257.84,94.56,40.85000000000002,1,1,1.0
167,8,934.49,385.89,25.50999999999999,59.44,1,1,1.0
167,7,493.32,235.81,129.83999999999997,74.62,1,1,0.0
167,3,208.46,257.7,94.54999999999998,40.85000000000002,1,1,1.0
168,8,940.04,383.57,19.960000000000036,58.129999999999995,1,1,1.0
168,7,481.85,236.34,131.32999999999993,74.84,1,1,0.0
168,3,208.11,257.56,94.56,40.85000000000002,1,1,1.0
169,8,946.34,386.22,13.659999999999968,53.17999999999995,1,1,1.0
169,7,470.37,236.88,132.83000000000004,75.05000000000001,1,1,0.0
169,3,207.76,257.43,94.56,40.849999999999966,1,1,1.0
170,8,950.31,392.85,9.690000000000055,40.94999999999999,1,1,1.0
170,7,458.9,237.42,132.80000000000007,75.27000000000001,1,1,0.0
170,3,207.7,257.4,94.55000000000001,40.85000000000002,1,1,1.0
171,7,447.42,237.95,133.62999999999994,75.49000000000001,1,1,0.0
171,3,207.63,257.38,94.55000000000001,40.85000000000002,1,1,1.0
172,7,435.95,238.49,134.45,75.69999999999999,1,1,0.0
172,3,207.56,257.36,94.55000000000001,40.849999999999966,1,1,1.0
173,7,424.47,239.02,135.27999999999997,75.92999999999998,1,1,0.0
173,3,207.49,257.33,94.55000000000001,40.85000000000002,1,1,1.0
174,7,413.0,239.56,136.10000000000002,76.13999999999999,1,1,0.0
174,3,207.42,257.31,94.56000000000003,40.85000000000002,1,1,1.0
175,7,401.57,239.74,136.73999999999995,76.57,1,1,0.0
175,3,207.35,257.29,94.56000000000003,40.849999999999966,1,1,1.0
176,7,390.14,239.92,137.38,77.00000000000003,1,1,1.0
176,3,207.28,257.26,94.55999999999997,40.85000000000002,1,1,1.0
177,7,378.71,240.1,138.02000000000004,77.42999999999998,1,1,1.0
177,3,207.21,257.24,94.55999999999997,40.849999999999966,1,1,1.0
178,7,367.28,240.28,138.67000000000002,77.85999999999999,1,1,1.0
178,3,207.14,257.22,94.56,40.849999999999966,1,1,1.0
179,7,355.85,240.46,139.31,78.28999999999999,1,1,1.0
179,3,207.14,257.22,94.56,40.849999999999966,1,1,1.0
180,7,344.42,240.64,139.95,78.72000000000003,1,1,1.0
180,3,207.14,257.22,94.56,40.849999999999966,1,1,1.0
181,7,332.99,240.81,140.58999999999997,79.16000000000003,1,1,1.0
181,3,207.14,257.22,94.56,40.849999999999966,1,1,1.0
182,7,321.56,240.99,141.23000000000002,79.58999999999997,1,1,1.0
182,3,207.14,257.22,94.56,40.849999999999966,1,1,1.0
183,7,310.13,241.17,141.87,80.02000000000001,1,1,1.0
183,3,207.14,257.22,94.56,40.849999999999966,1,1,1.0
184,7,298.7,241.35,142.51,80.45000000000002,1,1,1.0
184,3,207.14,257.22,94.56,40.849999999999966,1,1,1.0
185,7,286.78,242.07,143.41000000000003,81.07999999999998,1,1,1.0
185,3,207.14,257.22,94.56,40.849999999999966,1,1,0.0
186,7,274.87,242.79,144.3,81.71000000000001,1,1,1.0
186,3,207.14,257.22,93.56,40.849999999999966,1,1,0.0
187,7,262.95,243.5,145.2,82.35000000000002,1,1,1.0
187,3,207.14,257.22,87.56,40.849999999999966,1,1,0.0
188,7,251.03,244.22,146.09,82.97999999999999,1,1,1.0
188,3,207.14,257.22,76.16000000000003,40.849999999999966,1,1,0.0
189,7,239.12,244.94,146.98000000000002,83.61000000000001,1,1,1.0
189,3,207.14,257.22,63.960000000000036,40.849999999999966,1,1,0.0
190,7,227.2,245.65,147.88,84.24999999999997,1,1,1.0
190,3,207.6,257.22,53.29999999999998,40.849999999999966,1,1,0.0
